0 (可讀入input名稱)
1  268 -150.0 12.0 0 0 0 1 0 1 0 -1 0 0 3040b.DAT
1  268 -150.0 -12.0 0 0 0 1 0 1 0 -1 0 0 3040b.DAT
1  268 -190.0 36.0 0 0 0 -1 0 1 0 1 0 0 3665.DAT
1  268 -150.0 36.0 0 0 0 1 0 1 0 -1 0 0 3040b.DAT
1  268 -150.0 -36.0 0 0 0 1 0 1 0 -1 0 0 3040b.DAT
1  268 -190.0 12.0 0 0 0 -1 0 1 0 1 0 0 3665.DAT
1  268 -190.0 60.0 0 0 0 -1 0 1 0 1 0 0 3665.DAT
1  268 -150.0 60.0 0 0 0 1 0 1 0 -1 0 0 3040b.DAT
1  268 -150.0 -60.0 0 0 0 1 0 1 0 -1 0 0 3040b.DAT
1  268 -190.0 -12.0 0 0 0 -1 0 1 0 1 0 0 3665.DAT
1  268 -190.0 84.0 0 0 0 -1 0 1 0 1 0 0 3665.DAT
1  268 -150.0 84.0 0 0 0 1 0 1 0 -1 0 0 3040b.DAT
1  268 -150.0 -84.0 0 0 0 1 0 1 0 -1 0 0 3040b.DAT
1  268 -190.0 -36.0 0 0 0 -1 0 1 0 1 0 0 3665.DAT
1  268 -190.0 108.0 0 0 0 -1 0 1 0 1 0 0 3665.DAT
1  268 -150.0 108.0 0 0 0 1 0 1 0 -1 0 0 3040b.DAT
1  268 -190.0 -60.0 0 0 0 -1 0 1 0 1 0 0 3665.DAT
1  268 -190.0 -84.0 0 0 0 -1 0 1 0 1 0 0 3665.DAT
1  268 -150.0 -132.0 0 0 0 1 0 1 0 -1 0 0 3040b.DAT
1  268 -190.0 -132.0 0 0 0 -1 0 1 0 1 0 0 3665.DAT
1  268 -100.0 180.0 0 1 0 0 0 1 0 0 0 1 3008.DAT
1  268 60.0 180.0 0 1 0 0 0 1 0 0 0 1 3008.DAT
1  268 150.0 180.0 0 1 0 0 0 1 0 0 0 1 3005.DAT
1  268 100.0 156.0 0 1 0 0 0 1 0 0 0 1 3004.DAT
1  268 -130.0 156.0 0 1 0 0 0 1 0 0 0 1 3622.DAT
1  268 -50.0 156.0 0 1 0 0 0 1 0 0 0 1 3622.DAT
1  268 20.0 156.0 0 1 0 0 0 1 0 0 0 1 3010.DAT
1  268 70.0 156.0 0 1 0 0 0 1 0 0 0 1 3005.DAT
1  268 -170.0 156.0 0 1 0 0 0 1 0 0 0 1 3005.DAT
1  268 150.0 156.0 0 1 0 0 0 1 0 0 0 1 3005.DAT
1  268 130.0 156.0 0 1 0 0 0 1 0 0 0 1 3005.DAT
1  268 -90.0 156.0 0 1 0 0 0 1 0 0 0 1 3005.DAT
1  268 40.0 132.0 0 1 0 0 0 1 0 0 0 1 3010.DAT
1  268 110.0 132.0 0 1 0 0 0 1 0 0 0 1 3005.DAT
1  268 -90.0 132.0 0 1 0 0 0 1 0 0 0 1 3622.DAT
1  268 140.0 132.0 0 1 0 0 0 1 0 0 0 1 3004.DAT
1  268 -30.0 132.0 0 1 0 0 0 1 0 0 0 1 3622.DAT
1  268 -150.0 132.0 0 1 0 0 0 1 0 0 0 1 3005.DAT
1  268 -170.0 132.0 0 1 0 0 0 1 0 0 0 1 3005.DAT
1  268 -130.0 132.0 0 1 0 0 0 1 0 0 0 1 3005.DAT
1  268 90.0 132.0 0 1 0 0 0 1 0 0 0 1 3005.DAT
1  268 40.0 108.0 0 1 0 0 0 1 0 0 0 1 3008.DAT
1  268 -90.0 108.0 0 1 0 0 0 1 0 0 0 1 3622.DAT
1  268 140.0 108.0 0 1 0 0 0 1 0 0 0 1 3004.DAT
1  268 -50.0 108.0 0 1 0 0 0 1 0 0 0 1 3005.DAT
1  268 -130.0 108.0 0 1 0 0 0 1 0 0 0 1 3005.DAT
1  268 -70.0 84.0 0 1 0 0 0 1 0 0 0 1 3622.DAT
1  268 40.0 84.0 0 1 0 0 0 1 0 0 0 1 3009.DAT
1  268 140.0 84.0 0 1 0 0 0 1 0 0 0 1 3004.DAT
1  268 -30.0 84.0 0 1 0 0 0 1 0 0 0 1 3005.DAT
1  268 -130.0 84.0 0 1 0 0 0 1 0 0 0 1 3005.DAT
1  268 110.0 84.0 0 1 0 0 0 1 0 0 0 1 3005.DAT
1  268 -110.0 84.0 0 1 0 0 0 1 0 0 0 1 3005.DAT
1  268 -30.0 60.0 0 1 0 0 0 1 0 0 0 1 3622.DAT
1  268 -90.0 60.0 0 1 0 0 0 1 0 0 0 1 3005.DAT
1  268 60.0 60.0 0 1 0 0 0 1 0 0 0 1 3010.DAT
1  268 130.0 60.0 0 1 0 0 0 1 0 0 0 1 3622.DAT
1  268 10.0 60.0 0 1 0 0 0 1 0 0 0 1 3005.DAT
1  268 -130.0 60.0 0 1 0 0 0 1 0 0 0 1 3005.DAT
1  268 -70.0 60.0 0 1 0 0 0 1 0 0 0 1 3005.DAT
1  268 -110.0 60.0 0 1 0 0 0 1 0 0 0 1 3005.DAT
1  268 -100.0 36.0 0 1 0 0 0 1 0 0 0 1 3010.DAT
1  268 80.0 36.0 0 1 0 0 0 1 0 0 0 1 3008.DAT
1  268 -10.0 36.0 0 1 0 0 0 1 0 0 0 1 3005.DAT
1  268 -30.0 36.0 0 1 0 0 0 1 0 0 0 1 3005.DAT
1  268 -50.0 36.0 0 1 0 0 0 1 0 0 0 1 3005.DAT
1  268 0.0 12.0 0 1 0 0 0 1 0 0 0 1 3008.DAT
1  268 120.0 12.0 0 1 0 0 0 1 0 0 0 1 3010.DAT
1  268 -90.0 12.0 0 1 0 0 0 1 0 0 0 1 3005.DAT
1  268 -110.0 12.0 0 1 0 0 0 1 0 0 0 1 3005.DAT
1  268 -130.0 12.0 0 1 0 0 0 1 0 0 0 1 3005.DAT
1  268 -60.0 -12.0 0 1 0 0 0 1 0 0 0 1 3009.DAT
1  268 100.0 -12.0 0 1 0 0 0 1 0 0 0 1 3009.DAT
1  268 -130.0 -12.0 0 1 0 0 0 1 0 0 0 1 3005.DAT
1  268 20.0 -12.0 0 1 0 0 0 1 0 0 0 1 3004.DAT
1  268 60.0 -36.0 0 1 0 0 0 1 0 0 0 1 3008.DAT
1  268 -100.0 -36.0 0 1 0 0 0 1 0 0 0 1 3004.DAT
1  268 150.0 -36.0 0 1 0 0 0 1 0 0 0 1 3005.DAT
1  268 -50.0 -36.0 0 1 0 0 0 1 0 0 0 1 3622.DAT
1  268 -130.0 -36.0 0 1 0 0 0 1 0 0 0 1 3005.DAT
1  268 -80.0 -60.0 0 1 0 0 0 1 0 0 0 1 3009.DAT
1  268 60.0 -60.0 0 1 0 0 0 1 0 0 0 1 3010.DAT
1  268 120.0 -60.0 0 1 0 0 0 1 0 0 0 1 3004.DAT
1  268 150.0 -60.0 0 1 0 0 0 1 0 0 0 1 3005.DAT
1  268 0.0 -60.0 0 1 0 0 0 1 0 0 0 1 3004.DAT
1  268 -90.0 -84.0 0 1 0 0 0 1 0 0 0 1 3005.DAT
1  268 -110.0 -84.0 0 1 0 0 0 1 0 0 0 1 3005.DAT
1  268 -130.0 -84.0 0 1 0 0 0 1 0 0 0 1 3005.DAT
1  268 120.0 -84.0 0 1 0 0 0 1 0 0 0 1 3010.DAT
1  268 -40.0 -84.0 0 1 0 0 0 1 0 0 0 1 3010.DAT
1  268 50.0 -84.0 0 1 0 0 0 1 0 0 0 1 3622.DAT
1  268 10.0 -84.0 0 1 0 0 0 1 0 0 0 1 3005.DAT
1  268 -20.0 -108.0 0 1 0 0 0 1 0 0 0 1 3008.DAT
1  268 130.0 -108.0 0 1 0 0 0 1 0 0 0 1 3622.DAT
1  268 -130.0 -108.0 0 1 0 0 0 1 0 0 0 1 3005.DAT
1  268 -160.0 -108.0 0 1 0 0 0 1 0 0 0 1 3004.DAT
1  268 80.0 -108.0 0 1 0 0 0 1 0 0 0 1 3004.DAT
1  268 -110.0 -108.0 0 1 0 0 0 1 0 0 0 1 3005.DAT
1  268 40.0 -132.0 0 1 0 0 0 1 0 0 0 1 3009.DAT
1  268 -50.0 -132.0 0 1 0 0 0 1 0 0 0 1 3622.DAT
1  268 -90.0 -132.0 0 1 0 0 0 1 0 0 0 1 3005.DAT
1  268 130.0 -132.0 0 1 0 0 0 1 0 0 0 1 3005.DAT
1  268 150.0 -132.0 0 1 0 0 0 1 0 0 0 1 3005.DAT
1  268 -130.0 -132.0 0 1 0 0 0 1 0 0 0 1 3005.DAT
1  268 110.0 -132.0 0 1 0 0 0 1 0 0 0 1 3005.DAT
1  268 -110.0 -132.0 0 1 0 0 0 1 0 0 0 1 3005.DAT
